camera_matrix:
- - 724.3145220631266
  - 0.0
  - 321.44233924518437
- - 0.0
  - 722.8066211545066
  - 194.0518363686859
- - 0.0
  - 0.0
  - 1.0
dist_coeff:
- - 0.0914025900034016
  - -0.1939817860703979
  - 0.00028667719709779397
  - 0.007096770038663777
  - 0.040865681092026165
